1
0.38439908944082435,0.23500551641039377,0.3805953941487818
0.22668489584826548,0.5871721113262846,0.18614299282544988
1
0.3567446443821687,0.33848040817116076,0.30477494744667055
0.05606900706439406,0.6737032145980238,0.27022777833758216
1
0.100532871706121,0.5309603313308647,0.36850679696301425
0.19205591316871887,0.6202663961463937,0.18767769068488752
2
0.1618608062565091,0.3471786189940622,0.49096057474942867
0.5783397018067563,0.33908490263491814,0.08257539555832548
1
0.030280229071152524,0.5068553974330916,0.4628643734957559
0.3473642260092128,0.5182736253793995,0.1343621486113876
1
0.3632850290335967,0.5297451162131519,0.10696985475325148
0.23730145169558417,0.4148615903563537,0.3478369579480621
1
0.4639571649334716,0.045130548017946186,0.4909122870485822
0.19053671468183994,0.44661855044926657,0.36284473486889346
1
0.49441717520229306,0.41644348563777095,0.08913933915993603
0.6391340686567843,0.269582761278864,0.09128317006435166
1
0.07917514800163176,0.4087384972436013,0.5120863547547669
0.32232508377390595,0.4741533975092965,0.2035215187167974
2
0.6918580761787122,0.30317176699688925,0.004970156824398526
0.001665801113549554,0.5681080160684507,0.4302261828179997
1
0.4692488839152817,0.47988177075547367,0.05086934532924458
0.47341215763695293,0.34705201174827055,0.17953583061477654
2
0.462023672723897,0.004724964216246823,0.5332513630598562
0.5315093270390664,0.44004237494941373,0.02844829801151995
1
0.4108460878934123,0.4443265317898206,0.14482738031676692
0.43843216615575287,0.14427971455388153,0.4172881192903656
1
0.4119595557757379,0.2658202666625746,0.3222201775616876
0.10467238622961203,0.5520874962229373,0.3432401175474508
1
0.21306593814177852,0.46662886008831617,0.32030520176990523
0.38594870855936825,0.12485215123110044,0.4891991402095313
1
0.2619305321020631,0.3681496799381454,0.3699197879597914
0.27934119821458403,0.4867455723184821,0.2339132294669339
2
0.254135659760603,0.4122826875610453,0.3335816526783517
0.6799812050870847,0.31075036585703203,0.009268429055883362
1
0.38124520962860625,0.16334953549692804,0.45540525487446576
0.43990374313628383,0.3038633431251688,0.25623291373854745
2
0.1166437940164243,0.3265890458153521,0.5567671601682236
0.48685509287891937,0.3200671982319048,0.1930777088891759
1
0.16185298281630564,0.34610869496623003,0.37127173094717386,0.12076659127029049
0.19534861615579974,0.4390748269785784,0.23326956651597575,0.1323069903496461
1
0.2947825650199332,0.4386309056577313,0.20878154802214013,0.05780498130019549
0.029712820437247225,0.3926214820875893,0.3754225824902402,0.20224311498492328
1
0.1104556750109754,0.4591872959097245,0.14949077738280184,0.2808662516964982
0.38637506779612496,0.2403122191615709,0.06948740632677414,0.30382530671553
1
0.16625278396167908,0.3356097944624101,0.17203341955952398,0.3261040020163869
0.389018344555534,0.25036921240537136,0.31315188288491586,0.04746056015417874
1
0.38226705009624595,0.3302960345938527,0.11091104944924964,0.17652586586065175
0.31988355611925806,0.0833893693670383,0.33562186903353214,0.2611052054801714
2
0.3220094918623348,0.36870168713012846,0.29445127525563947,0.014837545751897371
0.018914453995687825,0.3099020197779849,0.32999963131320736,0.3411838949131199
1
0.4500158757278382,0.05591483174617437,0.26565777472945734,0.2284115177965303
0.29122606328204936,0.32602729905807915,0.3292693405544969,0.0534772971053746
1
0.4162319616890473,0.06524176003386117,0.09736411479023682,0.4211621634868546
0.43609246606085295,0.07145237730317626,0.07557928940945695,0.4168758672265138
2
0.12451540792830561,0.3401681730646709,0.04240799682604787,0.4929084221809757
0.0038554780717580243,0.2287218071114193,0.23184352997796498,0.5355791848388577
1
0.27909211196398576,0.22710105503794153,0.1212464893391508,0.3725603436589219
0.040556924960007,0.31916204738842846,0.3578351326682105,0.2824458949833541
