2
0.034829250452648786,0.07573887364091132,0.13931892290676753,0.026787483310215462,0.14880438207793673,0.12083968908727495,0.17526863818529165,0.020669373552260024,0.18290404066586313,0.07483934612083039
0.16337081841054396,0.07360746307046798,0.14369785123384918,0.09160109985531739,0.11676234370364931,0.08129428268825177,0.13400467953380465,0.026427250113333314,0.06091034595303064,0.10832386543775183
3
0.17110912844397522,0.08522587654671636,0.1784742263380392,0.027022425490685457,0.10119260106368277,0.12862845327631028,0.03500447171563654,0.10780872735249854,0.15428912109954204,0.011244968672913557
0.05070932557441039,0.13033606353711782,0.07566565660166115,0.09029671686672626,0.019743656465428222,0.16298149749084131,0.11881593264117128,0.11604725686219719,0.11567338173131739,0.11973051222912907
3
0.017131892106459417,0.0026173058574138204,0.13770593353922467,0.15796795724763668,0.14619169288940867,0.1657701918514963,0.13769612310355042,0.009452429613411256,0.13508917911736112,0.0903772946740377
0.1619897195858204,0.10608238790418899,0.00031893059887795546,0.13139925359804533,0.05761498952672418,0.14583189748272554,0.14459296210072323,0.002368976308903443,0.10167049099001539,0.1481303919039755
2
0.15910612434679566,0.09144948550963719,0.0777336276555358,0.06051673598472167,0.11755101563731464,0.06401674951786336,0.13783840482369072,0.16161650627925075,0.09500613333333686,0.03516521691185342
0.06947951136634745,0.1042882527540182,0.09641751357778788,0.040837478970685404,0.17451667996532977,0.016448210085716,0.06791634554612025,0.18633789578070573,0.1518486465167732,0.09190946543651622
2
0.12041378802446541,0.01128601094941229,0.1225821602876986,0.029824493301457766,0.03903618471117358,0.13194111676786577,0.17254535551870068,0.11013997177755677,0.16636108808355582,0.09586983057811319
0.1058323248978058,0.08227751426547673,0.08496870330780493,0.1647615684502657,0.10042128455549162,0.02142866464816776,0.16785884908885343,0.18674977716620741,0.040774564910111215,0.044926748709815625
3
0.1140144799787834,0.09415507207156051,0.1313926949635707,0.15967509150214734,0.043236791057265946,0.047797719880055586,0.12309490642269563,0.04877164035057914,0.08856350747954922,0.14929809629379234
0.02095715141202208,0.05240840277570476,0.006926063163250028,0.2552085462874077,0.2445582774389301,0.0028357875143726285,0.0018146363238927242,0.1492146439630428,0.2513411388226238,0.014735352298753486
2
0.04733898044459564,0.003620074609799256,0.1204870733082882,0.07769470989327748,0.13884595473988534,0.017996270024858024,0.21926739142898174,0.10959925196050148,0.18321976094378442,0.08193053264602837
0.11024413544711584,0.04508411928464715,0.02018334040704058,0.1164916496511636,0.022711224595776493,0.15816261358464792,0.13864866719894645,0.12870402809772133,0.15202766609069576,0.10774255564224502
1
0.0738204854539939,0.09153621598178062,0.12131715431757743,0.13020549061633907,0.04403911625650623,0.11375684665612214,0.1005459299374273,0.0912191245829038,0.12560404268680211,0.10795559351054751
0.1571286696096095,0.060395090320302824,0.039279175367385004,0.11522354907397966,0.15032133629802547,0.03448892085246762,0.07922600252222067,0.15880994408810006,0.1629487642945225,0.04217854757338665
2
0.03945352232481091,0.00327759281551106,0.12757607733711995,0.11089138354523673,0.13809254306227464,0.04558279645833114,0.08082932419992614,0.1578947075008024,0.1522781751656672,0.14412387759031983
0.02781187123429341,0.0061551121054782025,0.16405445952615735,0.20122789898666424,0.10217810184475111,0.09328251384888082,0.11982900583277753,0.05439383920986527,0.2047769226465987,0.026290274764533175
2
0.14336469592860782,0.198107204149092,0.0038120730932577934,0.013540268545403548,0.04158281713750695,0.15313198898245015,0.05164934275733115,0.17064690451563813,0.18865334118015892,0.03551136371055347
0.09383306996520734,0.014168450841659245,0.20982424260185842,0.05800497387234132,0.02839591557501687,0.07089170458611439,0.06347627808567247,0.18100349976597407,0.129218210790127,0.1511836539160289
